80;b;0;0;0;40;;;;;;;;;;
80;b;0;0;24;40;;;;;;;;;;
80;b;0;0;0;40;;;;;;;;;;
80;b;0;0;24;40;;;;;;;;;;
80;b;0;0;0;22;42;22;;;;;;;;
70;b;0;0;0;38;56;8;;;;;;;;
70;b;0;0;0;10;25;39;;;;;;;;
60;b;0;0;0;25;37;27;;;;;;;;
50;b;0;0;0;42;52;12;;;;;;;;
100;b;0;0;0;8;18;46;;;;;;;;
1;b;0;0;20;6;0;0;;;;;;;;
1;b;0;0;20;6;0;0;;;;;;;;
30;b;0;0;20;6;0;0;;;;;;;;
1;b;0;0;40;6;0;0;;;;;;;;
1;b;0;0;40;6;0;0;;;;;;;;
1;b;0;0;15;6;40;6;;;;;;;;
1;b;0;0;15;6;0;0;;;;;;;;
15;b;0;0;15;6;0;0;;;;;;;;
1;b;0;0;45;6;0;0;;;;;;;;
1;b;0;0;45;6;0;0;;;;;;;;
10;b;0;0;45;6;0;0;;;;;;;;
1;b;0;0;30;6;0;0;;;;;;;;
1;b;0;0;30;6;0;0;;;;;;;;
20;b;0;0;30;6;0;0;;;;;;;;
1;b;0;0;3;6;0;0;;;;;;;;
1;b;0;0;3;6;0;0;;;;;;;;
10;b;0;0;3;6;0;0;;;;;;;;
1;b;0;0;10;6;48;6;;;;;;;;
1;b;0;0;10;6;48;6;;;;;;;;
50;b;0;0;10;6;48;6;;;;;;;;
1;b;0;0;0;40;;;;;;;;;;
1;b;0;0;39;1;;;;;;;;;;
1;b;0;0;39;1;;;;;;;;;;
1;b;0;0;39;1;;;;;;;;;;
1;b;0;0;39;1;;;;;;;;;;
1;b;0;0;39;1;;;;;;;;;;
1;b;0;0;39;1;;;;;;;;;;
1;b;0;0;39;1;;;;;;;;;;
1;b;0;0;39;1;;;;;;;;;;
1;b;0;0;39;1;;;;;;;;;;
1;b;0;0;39;1;;;;;;;;;;
1;b;0;0;39;1;;;;;;;;;;
1;b;0;0;39;1;;;;;;;;;;
30;b;0;0;39;1;;;;;;;;;;
1;b;0;0;20;1;;;;;;;;;;
1;b;0;0;20;1;;;;;;;;;;
1;b;0;0;20;1;;;;;;;;;;
1;b;0;0;20;1;;;;;;;;;;
1;b;0;0;20;1;;;;;;;;;;
1;b;0;0;20;1;;;;;;;;;;
1;b;0;0;20;1;;;;;;;;;;
1;b;0;0;20;1;;;;;;;;;;
1;b;0;0;20;1;;;;;;;;;;
1;b;0;0;20;1;;;;;;;;;;
1;b;0;0;20;1;;;;;;;;;;
1;b;0;0;20;1;;;;;;;;;;
1;b;0;0;20;1;;;;;;;;;;
1;b;0;0;20;1;;;;;;;;;;
100;b;0;0;20;44;;;;;;;;;;
100;h;2;0;5;20;;;;;;;;;;
100;h;2;0;20;20;;;;;;;;;;
100;h;3;0;40;20;;;;;;;;;;
100;h;3;0;5;30;;;;;;;;;;
1;b;0;0;20;3;;;;;;;;;;
1;b;0;0;20;3;;;;;;;;;;
30;b;0;0;20;3;;;;;;;;;;
1;b;0;0;45;3;;;;;;;;;;
1;b;0;0;45;3;;;;;;;;;;
30;b;0;0;45;3;;;;;;;;;;
1;b;0;0;60;3;;;;;;;;;;
1;b;0;0;60;3;;;;;;;;;;
30;b;0;0;60;3;;;;;;;;;;
1;b;0;0;30;3;;;;;;;;;;
1;b;0;0;30;3;;;;;;;;;;
30;b;0;0;30;3;;;;;;;;;;
1;b;0;0;5;3;;;;;;;;;;
1;b;0;0;5;3;;;;;;;;;;
30;b;0;0;5;3;;;;;;;;;;
1;b;0;0;36;3;;;;;;;;;;
1;b;0;0;36;3;;;;;;;;;;
30;b;0;0;36;3;;;;;;;;;;
1;b;0;0;18;3;;;;;;;;;;
1;b;0;0;18;3;;;;;;;;;;
30;b;0;0;18;3;;;;;;;;;;
1;b;0;0;52;3;;;;;;;;;;
1;b;0;0;52;3;;;;;;;;;;
30;b;0;0;52;3;;;;;;;;;;
1;h;2;0;15;3;;;;;;;;;;
1;h;2;0;15;3;;;;;;;;;;
30;h;2;0;15;3;;;;;;;;;;
1;h;2;0;40;3;;;;;;;;;;
1;h;2;0;40;3;;;;;;;;;;
30;h;2;0;40;3;;;;;;;;;;
1;h;2;0;30;3;;;;;;;;;;
1;h;2;0;30;3;;;;;;;;;;
30;h;2;0;30;3;;;;;;;;;;
1;h;2;0;55;3;;;;;;;;;;
1;h;2;0;55;3;;;;;;;;;;
30;h;2;0;55;3;;;;;;;;;;
1;h;2;0;25;3;;;;;;;;;;
1;h;2;0;25;3;;;;;;;;;;
30;h;2;0;25;3;;;;;;;;;;
1;h;2;0;48;3;;;;;;;;;;
1;h;2;0;48;3;;;;;;;;;;
100;h;2;0;48;3;;;;;;;;;;
-1;b;0;0;0;64;;;;;;;;;;
